Rank	#Visits	Sweep_1st_visit	#models_eval_before_1st_visit	Model_size	log_Post_Prob	Model_Post_Prob	Jeffreys_scale	Model
1	0	0	0	1	-173.5267109967825	0.2745545588579516	8.191546756207368	616	
2	7	7832	712782	12	-174.2728234587627	0.1301955481044329	33.40917881981887	4	21	73	117	174	194	247	288	420	616	643	647	
3	16	7778	708949	12	-174.5746289012371	0.09627725423506303	33.27810638154388	4	21	73	117	174	194	212	247	288	420	616	647	
4	58	5111	505105	14	-175.1598868059025	0.05362279134197127	37.06803473172774	9	29	72	73	262	328	331	342	422	428	522	581	614	616	
5	6	7702	703371	13	-175.4345219638852	0.04074524033708637	34.94183448161742	4	21	29	73	117	174	194	212	247	288	420	616	647	
6	7	5244	514749	14	-175.4375424149857	0.04062235700603748	36.94745043283339	9	29	72	106	262	328	331	342	422	428	522	581	614	616	
7	1	5339	522599	14	-175.5391947399875	0.0366959448798579	36.90330338901248	9	29	73	106	262	328	331	342	422	428	578	581	614	616	
8	14	5308	520131	14	-175.5391947399875	0.0366959448798579	36.90330338901248	9	29	72	106	262	328	331	342	422	428	578	581	614	616	
9	1	7807	711115	13	-175.8707517552641	0.02634054112469704	34.75238229037977	4	21	30	73	117	174	194	212	247	288	420	616	647	
10	1	7800	710651	13	-175.8955420120269	0.02569557975602192	34.7416160186627	4	21	73	117	174	194	212	247	288	369	420	616	647	
11	10	7764	708066	13	-175.9557654814287	0.0241937785107489	34.71546129822042	4	21	73	117	130	174	194	212	247	288	420	616	647	
12	30	7624	697990	14	-176.4040861966343	0.01545256174863378	36.52768580194552	4	21	29	73	117	174	194	212	247	288	420	425	616	647	
13	6	5875	561200	12	-176.4491889579311	0.01477109214498654	32.46399529292542	9	29	73	262	328	331	342	343	422	614	616	716	
14	3	4963	492934	12	-176.4491889579311	0.01477109214498654	32.46399529292542	9	29	72	262	328	331	342	422	614	616	713	716	
15	4	5008	496945	12	-176.4491889579311	0.01477109214498654	32.46399529292542	9	29	72	262	328	331	342	343	422	614	616	713	
16	9	5626	544423	13	-176.638660313954	0.01222154870828791	34.41888384073443	9	29	73	262	328	331	342	343	422	544	614	616	716	
17	5	9987	873608	14	-176.7272844916284	0.01118503253313959	36.38732256586906	8	72	103	117	168	252	261	288	366	424	466	616	643	647	
18	30	5251	515467	15	-176.8504104511489	0.009889272107189253	38.31246436536805	9	29	72	106	262	328	331	342	422	428	522	578	581	614	616	
19	38	5665	547033	13	-177.0128052911281	0.008406924437593315	34.25639474171589	9	29	73	257	262	328	331	342	343	422	614	616	716	
20	2	5403	527876	13	-177.0134161926026	0.008401790203473753	34.25612943057655	9	29	73	106	262	328	331	342	422	614	616	636	712	
21	17	5187	509969	15	-177.0148027608085	0.008390148621094341	38.24106969241554	9	29	72	73	262	328	331	342	422	428	522	530	581	614	616	
22	1	5389	526378	12	-177.1877177975919	0.007057869233137862	32.14325629313435	9	29	73	106	262	328	331	342	422	614	616	712	
23	7	5047	499906	13	-177.4533612351447	0.005411356279549874	34.06506372625984	9	29	72	83	262	328	331	342	422	428	581	614	616	
24	15	5224	513223	13	-177.546032603532	0.004932413350348485	34.02481706233881	9	29	72	262	328	331	342	422	428	522	581	614	616	
25	1	6004	572520	12	-177.6688972960525	0.004362144085234817	31.93428269214795	29	72	262	328	331	342	343	422	614	616	636	714	
26	3	9994	874198	15	-177.6930744324131	0.004257944630698746	37.94650004820636	8	72	103	117	168	252	261	288	366	424	466	579	616	643	647	
27	4	7663	700381	14	-177.7970575810352	0.003837432081677743	35.92272601625105	4	5	21	73	117	174	194	212	247	288	420	425	616	647	
28	17	4816	481257	12	-177.8825233905962	0.003523087037674321	31.84150605809704	9	29	72	262	328	331	342	422	544	616	713	716	
29	6	5408	528161	14	-178.1627376917614	0.002662121345968191	35.76391316202093	9	29	73	106	256	262	328	331	342	422	614	616	636	712	
30	1	7799	710503	13	-178.1878971235838	0.002595979421020332	33.74605884315084	4	21	73	117	174	194	212	247	288	420	425	616	647	
31	4	5303	519547	15	-178.3381511296272	0.002233812720308643	37.66634679820188	9	29	34	72	106	262	328	331	342	422	428	578	581	614	616	
32	3	4960	492626	13	-178.3453400547753	0.002217811592235955	33.67768224691969	9	29	72	262	328	331	342	422	579	614	616	713	716	
33	19	9892	866313	15	-178.5069100982737	0.001886929485158215	37.59305570934703	8	22	72	103	117	137	168	252	261	366	424	466	616	643	647	
34	4	5260	516226	16	-178.5269400393634	0.001849510400789616	39.53635805630576	9	29	72	106	262	328	331	342	422	428	522	578	581	614	616	636	
35	6	7724	704992	14	-178.5351114871239	0.001834458803590038	35.60219327748963	4	21	51	73	117	130	174	194	212	247	288	420	616	647	
36	10	5055	500242	14	-178.5420082170502	0.001821850564446616	35.59919806573946	9	29	72	83	262	328	331	342	422	428	579	581	614	616	
37	1	5369	525216	13	-178.6463210157645	0.001641384313589967	33.54696787640413	9	29	73	106	262	328	331	342	422	578	614	616	712	
38	6	5341	522864	15	-178.7473212319754	0.001483701179922292	37.48864648059229	9	29	73	106	262	328	331	342	422	428	544	578	581	614	616	
39	4	5370	525345	13	-178.7590543784517	0.001466394426534019	33.4980083990627	9	29	73	106	262	328	331	342	422	522	614	616	712	
40	1	7750	706766	14	-178.7705802494404	0.001449589982514879	35.49993049335496	4	21	73	117	130	174	194	212	247	288	420	616	647	717	
41	20	5071	501802	15	-178.7816381079928	0.001433648920965207	37.47374285070177	9	29	72	83	109	262	328	331	342	422	428	579	581	614	616	
42	4	7620	697718	15	-178.8212508912216	0.001377968211826509	37.45653923753267	4	21	29	73	117	174	194	212	247	288	420	425	616	647	703	
43	1	9274	820656	11	-178.9141174079755	0.001255763290404424	29.32384722199706	48	90	172	262	422	473	484	519	563	613	616	
44	1	5912	563985	12	-178.9821703475501	0.001173147898799503	31.36393545265029	9	29	72	262	328	331	342	343	422	614	616	714	
45	4	4786	479029	13	-178.991126761895	0.001162687613379734	33.39722064353111	9	29	72	262	328	331	342	422	544	616	685	713	716	
46	1	7829	712505	13	-179.022946209854	0.001126273939162069	33.38340163286532	4	21	73	117	174	183	194	212	247	288	420	616	647	
47	3	7843	713362	13	-179.0804365063829	0.001063350198672579	33.35843391431986	4	21	73	117	174	194	247	288	342	420	616	643	647	
48	1	7849	713783	13	-179.1446475753397	0.0009972172987772791	33.3305474013948	4	21	73	117	174	182	194	247	288	420	616	643	647	
49	1	7790	710061	13	-179.2448976403399	0.000902093915523805	33.28700935135478	4	21	73	117	174	194	212	216	247	288	420	616	647	
50	1	5186	509814	15	-179.2528395080599	0.0008949579788155844	37.26910268278757	9	29	72	73	174	262	328	331	342	422	428	522	581	614	616	
51	4	5152	507532	15	-179.2798876919271	0.0008710754365776614	37.25735580578852	9	29	72	73	262	328	331	342	422	428	522	580	581	614	616	
52	2	5981	569934	12	-179.2951730152227	0.0008578620099294436	31.22800012125907	9	29	72	262	328	331	343	422	614	616	636	714	
53	8	5018	497563	14	-179.4069029939083	0.0007671737289984176	35.22357903672301	9	29	72	262	328	331	342	343	422	428	579	581	614	616	
54	8	5860	560150	14	-179.4539411025766	0.0007319228934615589	35.20315064568921	9	29	73	213	257	262	328	331	342	343	422	614	616	716	
55	1	5352	523590	15	-179.4553330457085	0.0007309048071404611	37.1811608567657	9	29	33	73	106	262	328	331	342	422	428	578	581	614	616	
56	1	5663	546758	14	-179.4880844700364	0.0007073543935392734	35.18832236960782	9	29	73	257	262	328	331	342	343	422	544	614	616	716	
57	4	4954	492295	14	-179.5410030082146	0.0006708954187112471	35.16534014048663	9	29	72	262	328	331	342	422	544	579	614	616	713	716	
58	1	5805	556247	14	-179.5510283429248	0.0006642030701527442	35.16098619294279	9	29	73	212	257	262	328	331	342	343	422	614	616	716	
59	1	7687	701755	14	-179.5662550245256	0.0006541660705080821	35.15437332914583	4	5	21	73	117	174	194	212	247	288	368	420	616	647	
60	4	4981	494587	13	-179.588118031097	0.0006400192430014426	33.13795062957228	9	29	72	262	328	331	342	422	580	614	616	713	716	
61	7	5001	496771	13	-179.588118031097	0.0006400192430014426	33.13795062957228	9	29	72	262	328	331	342	343	422	580	614	616	713	
62	3	5870	560897	13	-179.6558527481585	0.0005981033266291878	33.10853381571921	9	29	73	213	262	328	331	342	343	422	614	616	716	
63	2	5333	521903	15	-179.7292113489924	0.0005557980035075723	37.06221702093649	9	29	72	73	106	262	328	331	342	422	428	578	581	614	616	
64	1	7739	706155	14	-179.7360172167369	0.0005520281588865319	35.0806465458327	4	5	21	73	117	130	174	194	212	247	288	420	616	647	
65	5	5239	514434	14	-179.7787281566425	0.0005289469363903359	35.06209742031478	9	29	72	262	292	328	331	342	422	428	522	581	614	616	
66	6	7758	707632	14	-179.8502729450931	0.0004924255733522406	35.03102591348176	4	21	73	117	130	174	194	212	247	288	420	616	647	663	
67	2	5683	548599	14	-179.906147988364	0.0004656658355621173	35.00675969051308	6	9	29	73	257	262	328	331	342	343	422	614	616	716	
68	3	7706	703810	14	-179.9255956105605	0.0004566972339760345	34.99831369550699	4	21	29	73	117	174	194	212	247	288	366	420	616	647	
69	1	5428	528941	12	-179.9297504594632	0.0004548036624504389	30.95240663888518	9	29	73	256	262	328	331	342	422	614	616	712	
70	4	5814	557015	14	-180.0235489574063	0.0004140833643762473	34.95577309748791	9	29	73	208	257	262	328	331	342	343	422	614	616	716	
71	2	7608	697049	14	-180.0366075082824	0.0004087111884529071	34.95010184090079	4	21	29	73	117	174	194	212	288	420	497	616	647	703	
72	2	5108	504649	15	-180.0970377294433	0.0003847441410816733	36.90247205360819	9	29	72	105	262	328	331	342	422	428	522	579	581	614	616	
73	5	5770	554308	14	-180.0990741289515	0.0003839614455128982	34.92297293224102	9	29	73	257	262	328	331	342	343	422	614	616	701	716	
74	2	4850	484149	13	-180.1343862077367	0.0003706395646255224	32.90070937481831	9	29	72	262	328	331	342	422	544	578	616	713	716	
75	6	4914	489603	13	-180.1343862077367	0.0003706395646255224	32.90070937481831	9	29	72	262	328	331	342	422	544	579	616	713	716	
76	15	4855	484626	13	-180.1368291974987	0.0003697352010889489	32.8996483978453	9	29	72	248	262	328	331	342	422	544	616	713	716	
77	1	8168	738412	13	-180.1424659445129	0.0003676569600602914	32.89720038972118	4	5	21	26	73	117	124	225	250	420	616	643	647	
78	2	5677	548051	14	-180.1506928133648	0.0003646447021821054	34.90055522243726	9	29	73	80	257	262	328	331	342	343	422	614	616	716	
79	1	4624	467779	13	-180.197362373506	0.0003480178949360632	32.87335917353328	9	25	29	72	262	328	331	342	343	422	544	616	713	
80	2	7512	690408	12	-180.234404208663	0.000335362509787583	30.82009719671656	4	21	73	116	174	194	212	288	344	420	616	647	
81	1	5360	524619	15	-180.2821898617069	0.0003197138613466122	36.8220615042535	9	29	73	106	262	328	331	342	422	428	578	581	614	616	697	
82	1	7813	711447	14	-180.4172618543953	0.0002793189781977197	34.78478575887145	4	21	30	73	117	174	194	212	247	288	420	616	647	714	
83	5	7808	711269	14	-180.4869884269645	0.0002605065089422781	34.75450389316264	4	21	30	73	117	174	194	212	247	288	412	420	616	647	
84	1	5148	507228	15	-180.4881125372562	0.0002602138354239904	36.73263042256369	9	29	72	73	262	328	331	342	422	428	522	581	614	616	656	
85	3	7714	704408	15	-180.5165236351011	0.0002529249081870737	36.72029163954482	4	21	29	51	73	117	174	194	212	247	288	420	426	616	647	
86	5	5705	550912	14	-180.5412358127408	0.0002467511802411589	34.73094455286231	9	29	73	84	257	262	328	331	342	343	422	614	616	716	
87	11	5546	538886	14	-180.5498687449116	0.0002446301625129814	34.72719531805786	9	29	31	73	149	262	328	331	342	343	422	614	616	712	
88	2	5142	506891	15	-180.5502100990496	0.0002445466712455937	36.70566179413716	9	29	72	73	262	328	331	342	393	422	428	522	581	614	616	
89	3	7500	689512	12	-180.5563396890536	0.0002430522850801685	30.68028239405403	4	21	73	116	174	194	288	344	420	616	647	714	
90	15	9855	863524	14	-180.6207113632914	0.0002278995384221639	34.69642875981197	8	22	72	103	117	168	252	261	366	424	466	616	643	647	
91	3	8000	726044	15	-180.6212808875251	0.0002277697810656645	36.67479614287774	4	21	66	73	117	174	194	247	288	348	382	420	616	643	647	
92	20	4631	468375	14	-180.6404085631977	0.0002234544770021953	34.68787437458371	9	25	29	72	174	262	328	331	342	343	422	544	616	713	
93	6	4718	473584	14	-180.6404085631977	0.0002234544770021953	34.68787437458371	9	24	25	29	72	174	262	328	331	342	422	544	616	713	
94	3	7717	704677	14	-180.6528807832717	0.0002206848114309127	34.68245775822849	4	21	29	51	73	117	174	194	212	247	288	420	616	647	
95	2	7747	706466	14	-180.6700775169162	0.0002169221985602823	34.67498931169991	4	21	73	117	130	174	179	194	212	247	288	420	616	647	
96	6	9216	816317	11	-180.7113114009923	0.0002081595542116718	28.5433357879202	48	90	169	262	422	473	484	519	563	613	616	
97	2	5883	561801	13	-180.7722385646497	0.000195855611070642	32.62369361594202	9	29	73	262	328	331	342	343	363	422	614	616	716	
98	1	5110	504961	15	-180.7909175027168	0.0001922311917733536	36.60112389697125	9	29	72	73	105	262	328	331	342	422	428	522	581	614	616	
99	1	5849	559247	14	-180.8262028961248	0.0001855665129325903	34.60718492102455	9	29	73	257	262	328	331	342	343	422	579	614	616	716	
100	1	4900	488442	13	-180.8291956502544	0.000185011988176721	32.59895746795861	9	29	72	251	262	328	331	342	422	544	616	713	716	
