Rank	#Visits	Model_size	log_Post_Prob	Model_Post_Prob	Jeffreys_scale	Model
1	36	9	-171.1476299932031	0.2611780971703571	28.44922769672879	33	172	262	613	616	636	654	702	715	
2	36	11	-172.4305697419454	0.07240409007270451	32.13950280013182	33	101	172	262	544	616	636	648	712	733	755	
3	4	13	-172.7877995976746	0.05065474633447882	36.09117800401373	4	5	102	172	262	450	614	616	636	648	712	733	755	
4	5	9	-172.895505302061	0.0454824815253977	27.69013509503687	172	262	613	616	636	648	713	733	755	
5	6	12	-172.9529961004343	0.04294140156615107	33.98225916222698	33	172	262	544	613	616	636	648	676	712	733	755	
6	6	10	-173.1911806492759	0.03384028251253652	29.70448503047768	33	172	262	606	613	616	636	654	702	715	
7	4	8	-173.2677473563786	0.03134595325837829	25.3440372000805	33	172	262	613	616	636	654	715	
8	0	1	-173.4494821890773	0.02613695840070507	8.224973404858838	616	
9	16	12	-173.4990091226738	0.02487400817242626	33.74512871962106	33	101	172	262	450	544	616	636	648	712	733	755	
10	6	10	-173.5140576102023	0.02450249434224689	29.56426134801367	33	172	216	262	613	616	636	654	702	715	
11	8	10	-173.6415958287841	0.02156856010546403	29.50887220345182	89	172	262	613	616	636	648	713	733	755	
12	14	13	-173.7272723879549	0.01979758864154432	35.68317015529676	27	33	172	216	262	355	613	616	636	654	691	714	715	
13	11	12	-173.7323599737595	0.0196971224923854	33.64378573264715	5	102	172	262	450	614	616	636	648	712	733	755	
14	6	11	-173.9952460770792	0.01514372803849504	31.45997250181858	101	172	262	574	613	616	636	648	713	733	755	
15	1	10	-174.0744092132991	0.01399112666680564	29.32090373886308	25	33	172	262	613	616	636	654	702	715	
16	7	12	-174.1527327651139	0.01293710795206542	33.46122014901967	5	102	172	262	450	613	616	636	648	712	733	755	
17	2	11	-174.2098567404284	0.01221880052273276	31.36676827496844	25	172	262	574	613	616	636	648	713	733	755	
18	5	14	-174.2202060596804	0.0120929963717955	37.47601949818386	27	33	167	172	216	262	355	613	616	636	654	691	714	715	
19	250	15	-174.2595450423804	0.01162650598381597	39.43754951937134	27	33	167	172	216	262	355	613	616	636	654	691	714	715	744	
20	24	13	-174.2914312024698	0.01126162952183717	35.43815909523585	5	102	172	262	450	574	614	616	636	648	712	733	755	
21	4	11	-174.4329609711389	0.009775424786233165	31.26987533868158	33	172	262	544	613	616	636	648	716	733	755	
22	11	13	-174.487200714433	0.009259331168495524	35.35313747646533	33	101	114	172	262	450	544	616	636	648	712	733	755	
23	7	12	-174.5012888119072	0.009129799379075298	33.30984418126332	90	101	172	262	574	614	616	636	648	712	733	755	
24	1	10	-174.5945707033588	0.008316669124824953	29.09500047403158	33	172	262	544	613	616	636	654	702	715	
25	7	13	-174.6237092047047	0.008077830449506045	35.2938525924074	33	101	172	262	450	544	574	616	636	648	712	733	755	
26	3	10	-174.6534955936959	0.007840769176225927	29.06940971931142	33	172	262	473	613	616	636	654	702	715	
27	2	12	-174.6581313227996	0.007804505613329104	33.24172834425488	33	101	172	262	544	616	629	636	648	712	733	755	
28	1	12	-174.659481768773	0.007793973163501659	33.24114185302052	34	172	262	544	613	616	636	648	689	713	733	755	
29	12	10	-174.7595247590379	0.007051975380698352	29.02336183788258	28	33	172	262	613	616	636	654	702	715	
30	6	10	-174.824703073771	0.006606998451580335	28.99505525545421	33	172	262	481	613	616	636	654	702	715	
31	3	11	-174.9365100384634	0.005908089384733023	31.05118675737505	33	101	172	262	544	616	636	648	716	733	755	
32	2	11	-174.9534024264388	0.005809125865019403	31.04385048649115	90	102	172	262	614	616	636	648	712	733	755	
33	6	11	-174.9980450486082	0.005555494754544639	31.02446244202527	90	101	172	262	614	616	636	648	712	733	755	
34	5	10	-175.0858508323521	0.005088492919134917	28.88164022494105	27	33	172	262	613	616	636	654	702	715	
35	2	13	-175.0918867019017	0.005057871944738903	35.09052568882346	33	101	172	262	450	544	613	616	636	648	712	733	755	
36	28	13	-175.1066331881741	0.004983833351776556	35.08412137120791	24	25	172	490	527	614	636	654	675	701	714	743	764	
37	1	13	-175.1814046938003	0.004624775543529447	35.05164851891083	5	102	172	262	450	614	616	629	636	648	712	733	755	
38	3	12	-175.2877900009138	0.004158034686632588	32.96827105486739	5	101	172	262	574	614	616	636	648	712	733	755	
39	1	9	-175.305052134198	0.004086874096501785	26.64368220195229	33	172	262	574	613	616	636	654	715	
40	17	12	-175.318037415445	0.004034147959672984	32.95513476964467	25	33	101	172	262	544	616	636	648	712	733	755	
41	1	11	-175.3381386792812	0.003953866074075101	30.87676165489356	26	172	262	574	613	616	636	654	702	713	715	
42	1	10	-175.4262392093145	0.003620431882008788	28.73381143112229	33	172	217	262	613	616	636	654	702	715	
43	12	9	-175.4811634428098	0.00342694464328012	26.56719803242146	172	262	603	613	616	636	654	702	715	
44	3	10	-175.5385840928227	0.003235710198239173	28.68502066814461	33	172	262	603	613	616	636	654	702	715	
45	1	10	-175.6323910179121	0.002945979956974179	28.64428083821397	19	33	172	262	613	616	636	654	702	715	
46	9	12	-175.6873078917573	0.002788558067920181	32.79476263945244	34	172	188	262	544	613	616	636	648	713	733	755	
47	9	10	-175.6926877599571	0.002773596275369866	28.6180942958671	33	172	262	305	613	616	636	654	702	715	
48	1	10	-175.7062159095966	0.002736327308381731	28.61221909512827	33	172	262	482	613	616	636	654	702	715	
49	6	14	-175.7755655642032	0.002552994459985173	36.80053544799384	5	102	147	172	262	450	574	614	616	636	648	712	733	755	
50	3	12	-175.8514925730051	0.002366329355681874	32.72345813837347	27	33	101	172	262	544	616	636	648	712	733	755	
51	5	14	-175.8629287966033	0.002339421638662362	36.76259407824124	5	102	172	262	450	614	616	629	636	648	712	717	733	755	
52	10	13	-175.9084590032423	0.002235295712632315	34.73589284427619	89	172	262	544	613	616	629	636	648	676	713	735	755	
53	1	13	-175.9093906435875	0.002233214190728452	34.73548823801517	33	172	262	544	613	616	636	648	676	691	712	733	755	
54	2	14	-175.9193042245486	0.00221118441843279	36.73811054096966	27	33	172	216	262	355	525	613	616	636	654	691	714	715	
55	11	11	-175.9331122995945	0.002180862046613377	30.6183678947135	24	25	172	490	614	636	654	675	701	714	743	
56	1	12	-175.9341836454889	0.002178526840143678	32.68754586189109	5	33	101	172	262	544	616	636	648	712	733	755	
57	2	13	-175.9839759878598	0.002072709201601712	34.70309623456686	5	172	262	422	544	574	614	616	636	648	712	733	755	
58	3	12	-176.0194877440774	0.002000395254693385	32.65049876259039	19	33	101	172	262	544	616	636	648	712	733	755	
59	2	12	-176.0378832912278	0.001963933286602708	32.64250967797135	5	172	262	408	450	613	616	636	648	712	733	755	
60	3	12	-176.0521476020401	0.001936117986462591	32.63631476649742	18	33	101	172	262	544	616	636	648	712	733	755	
61	2	13	-176.1192519337982	0.001810459351900737	34.64434663771159	9	172	262	422	544	574	614	616	636	648	712	733	755	
62	4	12	-176.2290303413317	0.001622230722280923	32.55949556887915	19	27	71	102	490	616	636	654	714	715	735	743	
63	3	13	-176.4238324046593	0.001335091899151868	34.51206901992109	33	101	172	262	544	574	614	616	636	648	712	733	755	
64	1	13	-176.4593925867515	0.001288450000207733	34.49662542906298	5	101	172	262	544	574	614	616	636	648	712	733	755	
65	11	12	-176.5428140239892	0.0011853267897016	32.42322104698972	27	33	71	102	490	616	636	654	714	715	735	743	
66	3	13	-176.5627343847878	0.001161948279648873	34.45174465642587	19	24	25	172	490	527	614	636	654	675	701	714	743	
67	4	13	-176.58768034978	0.001133320911755612	34.44091076148398	5	89	102	172	262	450	614	616	636	648	712	733	755	
68	7	12	-176.6512227341751	0.001063547265782065	32.37613974236577	4	21	73	106	117	249	250	288	427	616	643	648	
69	24	14	-176.7181146928098	0.0009947317657267468	36.39119156251726	4	21	26	73	117	249	250	339	359	428	616	643	648	730	
70	4	11	-176.7607753263707	0.0009531883136920636	30.25891840930926	28	33	172	216	262	613	616	636	654	702	715	
71	1	13	-176.7723106351485	0.0009422561662405057	34.36072684735623	4	21	26	73	102	117	339	359	428	616	647	648	730	
72	2	10	-176.8651874819269	0.0008586834374125643	28.10888413658252	172	262	613	616	636	648	693	713	733	755	
73	3	13	-176.9015546664451	0.0008280165523906123	34.3045968777452	5	102	113	172	262	450	614	616	636	648	712	733	755	
74	2	12	-177.0310230603052	0.0007274641730273889	32.2111945565024	13	90	102	172	262	614	616	636	648	712	733	755	
75	2	13	-177.059234086355	0.0007072284397443209	34.23611757576861	4	21	26	72	117	250	288	331	427	616	643	647	648	
76	4	13	-177.059234086355	0.0007072284397443209	34.23611757576862	4	21	26	73	117	249	250	288	331	427	616	643	648	
77	28	14	-177.0983855964814	0.0006800744074871008	36.22604200742435	25	172	262	289	574	613	616	636	648	702	713	715	733	755	
78	4	12	-177.116906748311	0.0006675945733297824	32.17389574471595	33	101	172	262	544	613	616	636	648	716	733	755	
79	12	13	-177.1707160069632	0.0006326211884097697	34.18770159281648	11	172	262	321	441	544	615	636	647	676	688	713	735	
80	2	13	-177.2152423396188	0.0006050707974854632	34.16836405224475	17	33	101	172	262	450	544	616	636	648	712	733	755	
81	6	12	-177.2321969059873	0.0005948985610928579	32.12382586541937	19	24	25	172	490	614	636	654	675	701	714	743	
82	1	15	-177.2435785010578	0.0005881660525829935	38.14160025445307	11	71	89	172	217	262	441	544	615	636	647	676	688	713	735	
83	1	14	-177.2829139529195	0.0005654793952319591	36.14590236046859	5	102	172	245	262	450	574	614	616	636	648	712	733	755	
84	1	13	-177.2965175665932	0.0005578389188705776	34.13306666965435	33	172	188	262	544	613	616	636	648	676	712	733	755	
85	1	12	-177.331951552329	0.0005384185647725038	32.08050297296898	33	101	172	262	527	544	616	636	648	712	733	755	
86	11	13	-177.3362607828674	0.0005361033869508886	34.1158064101334	4	21	73	106	117	226	249	250	288	427	616	643	648	
87	16	14	-177.3682755681092	0.0005192119822054117	36.10883028202536	5	102	145	172	262	450	574	614	616	636	648	712	733	755	
88	8	13	-177.4210861110264	0.0004925035656153373	34.07896723818829	5	90	102	172	262	450	614	616	636	648	712	733	755	
89	3	11	-177.4658577232806	0.0004709397131001777	29.95270501504416	24	25	490	603	614	636	654	675	701	714	743	
90	17	14	-177.4677441840322	0.0004700521412629717	36.06563161100744	4	21	26	73	102	117	339	349	359	428	616	647	648	730	
91	1	10	-177.4961798873027	0.0004568741290297328	27.83484761680494	33	172	262	327	613	616	636	654	702	715	
92	17	13	-177.5260405547793	0.000443433238278718	34.03338610241521	4	21	73	106	117	227	249	250	288	427	616	643	648	
93	3	14	-177.5464382811614	0.0004344798333997422	36.03145519886588	4	21	26	73	117	226	249	250	288	331	427	616	643	648	
94	5	12	-177.5579741988381	0.0004294965086851697	31.98234258480494	24	25	490	603	614	636	654	675	701	714	743	764	
95	1	13	-177.5995848340695	0.0004119916068303098	34.00144622774389	33	57	101	172	262	450	544	616	636	648	712	733	755	
96	2	10	-177.6147274812936	0.0004057999605380109	27.78336305089177	172	262	613	616	636	648	695	713	733	755	
97	29	12	-177.6181134304404	0.0004044282660622584	31.95622444837414	89	172	262	544	613	616	636	648	676	688	713	735	
98	2	11	-177.6244076206904	0.000401890711914941	29.88384766949276	172	217	262	613	616	636	648	695	713	733	755	
99	18	14	-177.6650445424846	0.0003858864938954365	35.97994515405401	4	21	73	106	117	227	249	250	288	330	427	616	643	648	
100	1	14	-177.6710040922949	0.0003835936231388545	35.97735695445676	5	92	172	262	422	544	574	614	616	636	648	712	733	755	
